0.00  1.0000
0.19  1.2343
0.33  1.4570
0.46  1.6673
0.74  2.0347
0.96  2.1252
1.24  1.9186
1.33  1.7795
1.65  1.1847
1.83  0.8528
2.11  0.5615
2.34  0.5862
2.67  0.9789
2.79  1.1799
3.08  1.5985
3.36  1.8077
3.66  1.7704
3.88  1.6335
4.16  1.4490
4.42  1.3538
4.67  1.3334
4.88  1.3295
5.20  1.2513
5.42  1.1243
5.64  0.9719
5.74  0.9119
5.85  0.8620
6.06  0.8560
6.25  0.9645
6.48  1.2410
6.68  1.5587
6.77  1.7035
6.95  1.9602
7.04  2.0463
7.15  2.1140
7.35  2.0901
7.49  1.9617
7.72  1.5878
7.91  1.2119
8.15  0.7990
8.44  0.5446
8.72  0.6672
8.84  0.8137
9.16  1.3203