 z=f(x,y) 的實驗結果(數據)在下方

第一列(橫向) 為 y 值 0.72 ~ 1.80

第一行(縱向) 為 x 值 0.28 ~ 2.53

 x\y     0.7200    0.8400    0.9600    1.0800    1.2000    1.3200    1.4400    1.5600    1.6800    1.8000 

------    ----------    ----------   ---------    ---------    ---------    ---------    ---------    ---------    ---------    ----------- 

0.28     5.7398    6.2854    6.8206    7.3455    7.8601    8.3646    8.8591    9.3437    9.8186   10.2839

0.53     5.3736    5.7908    6.1734    6.5223    6.8390    7.1248    7.3812    7.6098    7.8124    7.9909 

0.78     4.7095    4.9192    5.0630    5.1458    5.1733    5.1515    5.0869    4.9862    4.8567    4.7058 

1.03     3.7941    3.7417    3.5953    3.3692    3.0789    2.7410    2.3728    1.9919    1.6161    1.2635   

1.28     2.6891    2.3513    1.9071    1.3879    0.8268    0.2579   -0.2844   -0.7666   -1.1564   -1.4236 

1.53     1.4713    0.8623    0.1633   -0.5682   -1.2736   -1.8954   -2.3786   -2.6730   -2.7349   -2.5280

1.78     0.2335   -0.5907   -1.4475   -2.2448   -2.8935   -3.3109   -3.4250   -3.1776   -2.5267   -1.4490

2.03    -0.9136   -1.8522   -2.7157   -3.3721   -3.7018   -3.6045   -3.0051   -1.8581   -0.1502    2.0984

2.28    -1.8397   -2.7460   -3.4136   -3.6718   -3.3801   -2.4390   -0.7973    1.5440    4.5319    8.0655

2.53    -2.3919   -3.0728   -3.2964   -2.8626   -1.6315    0.4636    3.4107    7.1197   11.4308   16.1293

請依 Gregory-Newton or Gauss Forward / Backward 推估以下結果

(1) f(1.2,1.25)

(2) f(1.8,1.72)

(3) f(2.5,1.00)


這一題，寫程式可能較費工夫。老師只要同學把  f(x,y) 估計值計算出來，因此，採用 Excel 或許比較方便

同學打字或手寫(掃描成圖檔)，彙整於 word 檔案裡，上傳 Tronclass 繳交即可。沒有要求一定程式撰寫